# GIMP colorrc
# 
# This file holds a list of recently used colors.

(color-history
    (color-rgba 0 0.74999999999999956 1 1)
    (color-rgba 0 0 0 1)
    (color-rgba 0 0.80555555555555536 1 1)
    (color-rgba 1 1 1 1)
    (color-rgba 0.043137256056070328 0.28627452254295349 0.61176472902297974 1)
    (color-rgba 0 0.97222222222222232 1 1)
    (color-rgba 0.05375514403292183 0.96759259259259256 0 1)
    (color-rgba 0.1836316181953766 0.91203703703703698 0.89180355318032423 1)
    (color-rgba 0.9907407407407407 0 0 1)
    (color-rgba 1 0.99328859060402686 0.99328859060402686 1)
    (color-rgba 1 0 0.77777777777777768 1)
    (color-rgba 1 0 0 1)
    (color-rgba 0.25462962962962965 0.25462962962962965 0.25462962962962965 1)
    (color-rgba 0.13888888888888862 1 0 1)
    (color-rgba 0 1 0.16666666666666696 1)
    (color-rgba 0.083333333333333925 0 1 1)
    (color-rgba 0.25000000000000022 1 0 1)
    (color-rgba 0 0.083333333333333037 1 1)
    (color-rgba 0 1 0.11111111111111116 1)
    (color-rgba 1 0 0.88888888888888928 1)
    (color-rgba 1 0 0.083333333333333037 1)
    (color-rgba 0.11111111111111072 0 1 1)
    (color-rgba 0 0.11111111111111116 1 1)
    (color-rgba 0.11111111111111138 1 0 1)
    (color-rgba 0.14093959731543626 0.26025354213273633 1 1)
    (color-rgba 0.38888888888888906 1 0 1)
    (color-rgba 0.94907407407407407 0 0 1))

# end of colorrc
